0.610801
0.579921
0.761303
0.661262
0.666493
0.70379
0.697421
0.764147
0.865335
0.904034
0.698949
0.836142
0.75551
0.895491
0.741358
0.522462
0.633037
0.677534
0.758218
0.738194
0.851924
0.715547
0.710931
0.769604
0.742859
0.854646
0.771317
0.774389
0.847641
0.785822
0.775144
0.899876
0.703156
0.743265
0.85749
0.70439
0.636182
0.625408
0.670717
0.828912
0.745905
0.825826
0.889221
0.869089
0.728895
0.802471
0.613399
0.794189
0.731021
0.58929
0.699781
0.669071
0.730718
0.869566
0.714431
0.574181
0.665262
0.786941
0.788893
0.694498
0.796207
0.727033
0.728354
0.812064
0.651824
0.715489
0.86653
0.82146
0.757014
0.704613
0.688785
0.795757
0.740721
0.732069
0.755183
0.75284
0.83923
0.793293
0.834081
0.673159
0.71862
0.686636
0.854748
0.724426
0.708535
0.812713
0.712332
0.830056
0.812434
0.837113
0.722194
0.741957
0.842109
0.769923
0.74228
0.694342
0.816862
0.846804
0.69495
0.837629
0.825128
0.788354
0.921186
0.647238
0.768162
0.672469
0.717644
0.720885
0.712176
0.774637
0.904007
0.677933
0.83835
0.815489
0.813553
0.816949
0.86427
0.772898
0.770558
0.775133
0.739428
0.571719
0.732221
0.714294
0.807663
0.840526
0.705789
0.910086
0.755765
0.664531
0.708882
0.770503
0.943688
0.950684
0.717101
0.699087
0.778505
0.800327
0.831565
0.823532
0.821158
0.709309
0.670046
0.799112
0.588803
0.907256
0.68284
0.675186
0.848054
0.895176
0.726304
0.702575
0.591933
0.871428
0.735201
0.775855
0.822188
0.793645
0.766504
0.67351
0.821423
0.646949
0.809705
0.768475
0.750864
0.610724
0.862028
0.815895
0.707098
0.84835
0.652706
0.700977
0.695926
0.725404
0.682881
0.82498
0.847385
0.681439
0.574049
0.809961
0.6873
0.868876
0.768143
0.721321
0.656793
0.751088
0.929957
0.831855
0.644727
0.732561
0.675996
0.850041
0.683383
0.765814
0.774782
0.714223
0.819022
0.778293
0.758819
0.769175
0.839534
0.787981
0.561509
0.691665
0.792509
0.699366
0.701712
0.86592
0.73769
0.790484
0.704956
0.879324
0.87726
0.886029
0.795472
0.61071
0.476579
0.733786
0.64235
0.595041
0.677873
0.723451
0.652644
0.57055
0.746916
0.828062
0.651319
0.745896
0.845312
0.816932
0.955703
0.618987
0.658769
0.636022
0.700508
0.700555
0.631592
0.740097
0.603804
0.810154
0.738491
0.695689
0.789441
0.632755
0.544456
0.66462
0.78245
0.590572
0.628642
0.70428
0.697507
0.60915
0.634883
0.746119
0.822159
0.687841
0.668035
0.781052
0.656359
0.751532
0.68509
0.710408
0.89637
0.71491
0.60068
0.743873
0.790207
0.843194
0.660738
0.755713
0.834924
0.744367
0.854209
0.945711
0.890384
0.789278
0.843977
0.752566
0.901321
0.708769
0.615022
0.776775
0.66409
0.924006
0.84109
0.735455
0.815519
0.722825
0.695743
0.730029
0.806535
0.805554
0.591521
0.861963
0.637623
0.738402
0.783473
0.721552
0.76848
0.696221
0.84481
0.623222
0.797796
0.927115
0.601769
0.812113
0.734831
0.67651
0.646777
0.89079
0.739171
0.707185
0.883849
0.75233
0.597503
0.679486
0.759594
0.758256
0.683708
0.744336
0.94355
0.782668
0.705073
0.671726
0.707683
0.583504
0.677788
0.597919
0.643116
0.886603
0.801574
0.948013
0.750227
0.640818
0.918822
0.81292
0.649118
0.678111
0.735905
0.574175
0.792732
0.725155
0.806429
0.638816
0.773646
0.814597
0.582823
0.799291
0.802953
0.799573
0.728398
0.678494
0.641149
0.710358
0.801726
0.851539
0.694944
0.783854
0.842127
0.766112
0.870208
0.726401
0.700377
0.615379
0.67583
0.888377
0.877633
0.856365
0.75593
0.77435
0.740157
0.634917
0.617875
0.548927
0.75343
0.761101
0.654611
0.905705
0.862829
0.775408
0.718518
0.908904
0.704235
0.845562
0.626336
0.838468
0.6785
0.607848
0.568814
0.773393
0.713104
0.76732
0.756942
0.753467
0.810067
0.650213
0.765908
0.592165
0.609024
0.735559
0.750475
0.748922
0.81245
0.657891
0.714199
0.639149
0.904646
0.863884
0.776735
0.688608
0.645345
0.739447
0.860393
0.845903
0.632872
0.796872
0.80678
0.732615
0.722474
0.611464
0.829879
0.813661
0.657381
0.64475
0.624508
0.583664
0.748973
0.573024
0.775092
0.627352
0.637226
0.757142
0.719334
0.674207
0.681143
0.797447
0.757525
0.628585
0.831918
0.637756
0.652445
0.793446
0.831399
0.778432
0.897214
0.750199
0.679433
0.726789
0.614597
0.81207
0.728661
0.677993
0.798182
0.652266
0.765321
0.67573
0.891208
0.644534
0.593403
0.564995
0.831491
0.779147
0.585893
0.607078
0.667189
0.609183
0.785942
0.703073
0.678985
0.62839
0.655421
0.733748
0.721511
0.803181
0.666923
0.667912
0.818688
0.751347
0.854599
0.614069
0.847154
0.867767
0.803746
0.664384
0.884924
0.774858
0.65737
0.86889
0.71259
0.836107
0.811208
0.617954
0.634007
0.876472
0.603296
0.81539
0.742919
0.83037
0.627147
0.86291
0.861548
0.674073
0.592791
0.904404
0.821332
0.752901
0.722014
0.641165
0.652041
0.801555
0.833268
0.74073
0.865022
0.704043
0.761719
0.652781
0.882965
0.740404
0.769393
0.608288
0.735425
0.723763
0.76566
0.663638
0.955967
0.783206
0.645022
0.833787
0.733288
0.643026
0.772284
0.872023
0.78811
0.736309
0.521643
0.533117
0.773999
0.529838
0.783126
0.639292
0.764697
0.698032
0.68591
0.701751
0.76154
0.811985
0.6545
0.877798
0.613555
0.58025
0.644627
0.559629
0.663723
0.767787
0.814943
0.850186
0.687137
0.808399
0.882398
0.831514
0.784114
0.666357
0.880481
0.874709
0.944295
0.615086
0.797391
0.589758
0.727188
0.668366
0.805993
0.713161
0.591554
0.798636
0.704762
0.741154
0.832477
0.668185
0.783567
0.781875
0.684798
0.765355
0.714865
0.620364
0.68675
0.750183
0.895924
0.907439
0.862671
0.712621
0.858675
0.877014
0.826773
0.628625
0.658683
0.715834
0.829339
0.843322
0.710184
0.795588
0.76081
0.784171
0.83107
0.91489
0.67383
0.746263
0.794019
0.837844
0.73051
0.809798
0.733435
0.842534
0.749585
0.689815
0.8372
0.824154
0.847477
0.907436
0.76697
0.715253
0.698941
0.808027
0.732054
0.733406
0.835347
0.84233
0.795273
0.794958
0.700679
0.724806
0.871254
0.794348
0.778398
0.793206
0.819678
0.7274
0.785119
0.780655
0.900695
0.785951
0.875971
0.926632
0.721366
0.910666
0.764891
0.76952
0.784636
0.764292
0.836739
0.651245
0.688034
0.766915
0.859162
0.833053
0.732825
0.70488
0.789585
0.719003
0.861554
0.687652
0.784743
0.819708
0.737255
0.777862
0.772552
0.739529
0.766533
0.826643
0.827751
0.860033
0.873083
0.809715
0.884641
0.856986
0.74861
0.697512
0.68762
0.702676
0.732293
0.821543
0.792845
0.908323
0.668081
0.806434
0.808006
0.756449
0.821287
0.645727
0.821823
0.76532
0.806756
0.728551
0.677785
0.882598
0.789902
0.72051
0.734845
0.747736
0.913325
0.74093
0.81239
0.783952
0.852641
0.961952
0.805639
0.820358
0.687693
0.827957
0.687661
0.852136
0.984538
0.814733
0.764364
0.781317
0.780861
0.728142
0.774738
0.775061
0.769062
0.711186
0.780047
0.838572
0.951046
0.759
0.763429
0.815844
0.826791
0.830235
0.875303
0.697672
0.68766
0.827065
0.758618
0.76575
0.663781
0.681976
0.673038
0.798506
0.790762
0.774774
0.760916
0.764599
0.814032
0.889853
0.750854
0.84238
0.807791
0.745666
0.726985
0.61222
0.816044
0.800409
0.768579
0.777897
0.767456
0.742764
0.82637
0.800563
0.787627
0.735281
0.692756
0.800403
0.773367
0.70049
0.835935
0.682221
0.817576
0.763254
0.816849
0.881855
0.819954
0.702081
0.778204
0.812162
0.979057
0.769058
0.659588
0.915979
0.675547
0.898488
0.684537
0.68711
0.714384
0.673244
0.662965
0.786652
0.873456
0.728355
0.872908
0.821008
0.709828
0.747827
0.741876
0.642737
0.98068
0.774474
0.844613
0.766959
0.837237
0.774858
0.881003
0.862902
0.829623
0.773638
0.741038
0.787376
0.678338
0.708929
0.860507
0.811183
0.690856
0.651526
0.795943
0.653738
0.864789
0.799704
0.692972
0.664759
0.737083
0.804414
0.824801
0.683412
0.825468
0.824268
0.696092
0.666708
0.724329
0.626183
0.87028
0.76156
0.597242
0.779171
0.752039
0.792603
0.784946
0.833261
0.795126
0.794972
0.760864
0.838448
0.711256
0.628599
0.732459
0.730225
0.770695
0.86245
0.679923
0.780908
0.835985
0.783606
0.633482
0.902593
0.838147
0.999478
0.715466
0.712596
0.714075
0.685167
0.801995
0.812107
0.698896
0.922277
0.917362
0.820908
0.688008
0.735005
0.608313
0.909753
0.777054
0.840041
0.843639
0.698354
0.793188
0.795551
0.729863
0.880652
0.840108
0.811981
0.762273
0.693993
0.804367
0.65674
0.770423
0.752224
0.722122
0.664712
0.807823
0.740184
0.753578
0.812561
0.884248
0.80355
0.789947
0.911296
0.905496
0.881343
0.689963
0.812921
0.827543
0.899399
0.625526
0.63979
0.757211
0.754994
0.743915
0.672436
0.789728
0.788627
0.697459
0.834623
0.708281
0.92646
0.821576
0.843786
0.765512
0.602887
0.796506
0.687161
0.812252
0.944289
0.779586
0.689141
0.683725
0.838862
0.854529
0.724298
0.708447
0.722051
0.787364
0.759556
0.736834
0.9482
0.711881
0.698462
0.677347
0.609708
0.776291
0.764646
0.798378
0.702818
0.72274
0.641036
0.605895
0.765934
0.787076
0.718892
0.801678
0.911557
0.850641
0.900087
0.757465
0.799593
0.772296
0.740663
0.853894
0.74267
0.668601
0.728382
0.756892
0.62918
0.717249
0.612965
0.766576
0.779052
0.698002
0.886197
0.734249
0.728761
0.80825
0.702701
0.899126
0.878226
0.811816
0.983898
0.69763
0.726881
0.801302
0.681906
0.670539
0.894202
0.674941
0.828791
0.863543
0.804481
0.731276
0.753807
0.824343
0.868442
0.917374
0.757013
0.841811
0.792795
0.679725
0.859455
0.879086
0.87515
0.749853
0.811259
0.65998
0.532765
0.801275
0.812999
0.722163
0.713774
0.797118
0.821951
0.795114
0.858439
0.826891
0.80165
0.83053
0.740277
0.751234
0.696914
0.795492
0.682866
0.803738
0.776215
0.83562
0.961116
0.713478
0.635083
0.725558
0.646915
0.883861
0.808009
0.677732
0.581172
0.866584
0.701399
0.856284
0.946994
0.786294
0.7603
0.729516
0.784641
0.714519
0.815979
0.70558
0.659487
0.684704
0.911909
0.673777
0.586924
0.813012
0.89259
0.783246
0.76589
0.802345
0.86936
0.755049
0.736918
0.725427
0.87801
0.889985
0.726898
0.721485
0.807033
0.790524
0.670811
0.669221
0.722172
0.805429
0.697528
0.897096
0.703702
0.864113
0.688404
0.757296
0.719142
0.727663
0.840736
0.782857
0.625643
0.726215
0.796641
0.709631
0.693539
0.810077
0.714262
0.809499
0.825023
0.898107
0.747565
0.993789
0.769592
0.616822
0.792261
0.793515
0.74546
0.799449
0.826891
0.762124
0.791843
0.762857
0.646367
0.827993
0.671564
0.741791
0.703291
0.594824
0.789968
0.819145
0.861334
0.792844
0.882675
0.655347
0.557714
0.688446
0.806734
0.7286
0.737573
0.778705
0.816021
0.637843
0.758347
0.892789
0.726633
0.727408
0.802456
0.564721
0.711921
0.841339
0.812201
0.745711
0.507787
0.646575
0.665847
0.623638
0.605645
0.549758
0.829664
0.67252
0.819442
0.718568
0.68505
0.659026
0.810586
0.656463
0.615526
0.726739
0.728545
0.793418
0.630918
0.618903
0.599345
0.756866
0.694002
0.702543
0.915218
0.786289
0.818834
0.696729
0.843129
0.742864
0.759934
0.739539
0.718911
0.717094
0.668124
0.782665
0.746953
0.731727
0.799316
0.732353
0.790515
0.742074
0.827641
0.796867
0.832701
0.637268
0.827942
0.793887
0.770376
0.73959
0.694965
0.844608
0.732445
0.789342
0.792489
0.694646
0.753033
0.731868
0.751324
0.774754
0.768552
0.702737
0.688517
0.754103
0.768933
0.745643
0.753752
0.659258
0.776005
0.722402
0.706277
0.747065
0.902413
0.757783
0.655246
0.759036
0.648533
0.872064
0.735021
0.741454
0.951745
0.731949
0.895252
0.695749
0.771531
0.868092
0.63307
0.775671
0.754856
0.698241
0.654903
0.735058
0.870547
0.751948
0.810283
0.827169
0.683232
0.741507
0.952903
0.827886
0.772734
0.566624
0.808823
0.80648
0.716924
0.802975
0.604635
0.701628
0.649018
0.861128
0.877414
0.749957
0.833423
0.787835
0.741199
0.679698
0.793551
0.659803
0.705053
0.781968
0.894914
0.654776
0.666626
0.941067
0.830768
0.68401
0.606101
0.626711
0.799714
0.810516
0.666234
0.846988
0.816862
0.778493
0.732193
0.764632
0.700244
0.666239
0.703143
0.746488
0.855809
0.816448
0.540084
0.663712
0.830843
0.770005
0.765388
0.738938
0.621573
0.727484
0.786552
0.708662
0.707366
0.625905
0.763085
0.627168
0.687903
0.762695
0.66291
0.786354
0.764838
0.786296
0.769457
0.670486
0.842351
0.704813
0.627316
0.680838
0.837178
0.675717
0.66288
0.760288
0.731944
0.783763
0.742211
0.889065
0.648147
0.618219
0.706715
0.754532
0.665533
0.855791
0.864941
0.821364
0.910632
0.812889
0.764133
0.790309
0.854806
0.685214
0.670247
0.705317
0.900611
0.56021
0.910132
0.727612
0.759267
0.811106
0.670448
0.739536
0.721646
0.656262
0.836467
0.739363
0.796589
0.730492
0.646999
0.776189
0.678392
0.546267
0.698212
0.701353
0.738352
0.822784
0.712913
0.688652
0.824733
0.851076
0.669308
0.668951
0.863443
0.802889
0.704629
0.633756
0.753225
0.675523
0.589654
0.617618
0.670506
0.756138
0.70871
0.585394
0.703101
0.498462
0.606064
0.696105
0.722895
0.635417
0.503253
0.775392
0.666728
0.817922
0.79775
0.679784
0.775652
0.884096
0.785603
0.88017
0.664997
0.841607
0.747496
0.683675
0.808227
0.710713
0.677015
0.681488
0.756896
0.59907
0.846434
0.682767
0.840055
0.688857
0.851329
0.70798
0.735611
0.748772
0.632024
0.729373
0.819347
0.738249
0.613783
0.559013
0.617269
0.744884
0.672959
0.764991
0.812347
0.648548
0.758001
0.756264
0.639699
0.666462
0.665687
0.636172
0.666358
0.717846
0.771061
0.759414
0.927662
0.791186
0.649247
0.979666
0.755385
0.717276
0.850667
0.922831
0.846658
0.768586
0.947647
0.734304
0.804665
0.593264
0.806695
0.809733
0.611346
0.602079
0.638509
0.724022
0.634978
0.810415
0.778699
0.76371
0.873416
0.688194
0.684113
0.813327
0.807466
0.658922
0.939646
0.688927
0.644614
0.678338
0.790158
0.839069
0.695033
0.770379
0.887969
0.601381
0.814521
0.743567
0.878482
0.740757
0.626276
0.83622
0.644347
0.6835
0.765092
0.818264
0.971691
0.738109
0.714712
0.572797
0.832381
0.684183
0.788376
0.635711
0.698842
0.717772
0.979597
0.699004
0.645363
0.653482
0.74554
0.749269
0.844211
0.844111
0.830885
0.652884
0.615906
0.742299
0.758048
0.719425
0.869326
0.602262
0.842149
0.801028
0.906626
0.790224
0.698935
0.697996
0.72001
0.65203
0.772211
0.588528
0.647048
0.617062
0.86987
0.803897
0.935864
0.622746
0.775719
0.793547
0.775136
0.854204
0.732521
0.82033
0.681488
0.671552
0.689627
0.826518
0.646152
0.611096
0.693726
0.861774
0.649427
0.648662
0.763048
0.613443
0.762636
0.746822
0.768604
0.65835
0.697482
0.755799
0.900133
0.602357
0.627403
0.632044
0.825202
0.727361
0.886239
0.838208
0.707723
0.699246
0.820628
0.617419
0.681985
0.621922
0.597098
0.740122
0.745776
0.754048
0.516874
0.718058
0.922438
0.622438
0.58777
0.719772
0.790793
0.665605
0.82595
0.868045
0.881536
0.802018
0.7659
0.663257
0.797821
0.750998
0.709663
0.763375
0.748585
0.67673
0.705109
0.776013
0.680316
0.831361
0.849907
0.818534
0.756024
0.697525
0.729279
0.816982
0.817195
0.720272
0.889919
0.669469
0.597173
0.774082
0.732307
0.770772
0.839399
0.671453
0.757293
0.684676
0.888493
0.73122
0.829087
0.857217
0.735848
0.637156
0.582933
0.659881
0.65541
0.776254
0.676569
0.854087
0.78557
0.750672
0.634632
0.62546
0.661201
0.787325
0.796183
0.811222
0.760716
0.742154
0.52086
0.513148
0.838157
0.929834
0.678355
0.965131
0.719025
0.730971
0.754131
0.668641
0.849793
0.856539
0.671937
0.666867
0.59032
0.849657
0.782167
0.764067
0.683639
0.671861
0.826285
0.799853
0.799235
0.821653
0.635035
0.880161
0.78359
0.825753
0.82871
0.869775
0.571945
0.814171
0.822437
0.653532
0.815068
0.805274
0.575436
0.695119
0.775689
0.732907
0.681392
0.860666
0.982005
0.766777
0.669987
0.917599
0.614461
0.696286
0.630671
0.72778
0.918064
0.75162
0.848046
0.738535
0.801725
0.73782
0.722526
0.773965
0.635853
0.814728
0.61667
0.681152
0.680636
0.547072
0.750226
0.780328
0.867082
0.769169
0.736891
0.764292
0.735885
0.707515
0.808265
0.785117
0.615009
0.634279
0.669605
0.926964
0.553293
0.740565
0.859913
0.830704
0.736915
0.708264
0.706726
0.816913
0.682446
0.918492
0.775085
0.647363
0.806227
0.754635
0.726434
0.689147
0.796841
0.877941
0.786975
0.840461
0.87885
0.819608
0.68987
0.725776
0.768104
0.837288
0.818567
0.681469
0.755712
0.797927
0.834105
0.837979
0.779533
0.878857
0.637425
0.806556
0.673871
0.776931
0.857975
0.765593
0.831493
0.728
0.704222
0.805777
0.669873
0.839429
0.848556
0.81244
0.825549
0.876798
0.855249
0.768421
0.787323
0.756559
0.748416
0.73675
0.752893
0.797829
0.872996
0.7752
0.78125
0.838315
0.795502
0.8326
0.654021
0.901881
0.781208
0.753515
0.89985
0.755192
0.719923
0.720175
0.836154
0.796686
0.784258
0.854697
0.780524
0.641185
0.810348
0.81268
0.728425
0.830431
0.893182
0.766727
0.887183
0.807257
0.812851
0.753828
0.883191
0.882683
0.787957
0.883705
0.758818
0.834522
0.763127
0.89036
0.745197
0.868369
0.785786
0.753516
0.855938
0.720925
0.86315
0.805866
0.862196
0.80792
0.734601
0.757156
0.692884
0.74384
0.599438
0.760165
0.646255
0.709289
0.846179
0.763091
0.817725
0.866398
0.797277
0.862905
0.825697
0.780033
0.623602
0.697958
0.656039
0.876027
0.785791
0.878831
0.728129
0.789686
0.799146
0.704689
0.715881
0.724022
0.669437
0.738837
0.675307
0.737273
0.806966
0.761509
0.722915
0.817895
0.846064
0.813806
0.724639
0.675784
0.873291
0.767816
0.807845
0.853727
0.700305
0.869884
0.756547
0.973556
0.74365
0.696127
0.811092
0.811974
0.887026
0.780118
0.828028
0.6279
0.762273
0.750088
0.789444
0.705263
0.651361
0.699762
0.916539
0.850543
0.923993
0.962367
0.723557
0.809096
0.880595
0.725427
0.922474
0.871638
0.786105
0.800907
0.728413
0.914382
0.757317
0.928811
0.788885
0.704764
0.786493
0.727396
0.700126
0.649071
0.690564
0.849265
0.750803
0.743862
0.908258
0.792382
0.662963
0.719043
0.919312
0.791366
0.792893
0.777395
0.693706
0.907642
0.655062
0.842826
0.627473
0.660681
0.747849
0.683292
0.852531
0.995823
0.784786
0.556914
0.606594
0.767912
0.735668
0.924315
0.74643
0.833078
0.761722
0.713115
0.846438
0.659961
0.744463
0.840132
0.806613
0.671671
0.877368
0.893516
0.729703
0.761226
0.706576
0.841966
0.752476
0.919912
0.822234
0.750344
0.640532
0.797674
0.706365
0.738299
0.755907
0.760902
0.714189
0.777477
0.857262
0.720787
0.855812
0.790002
0.888402
0.802245
0.759213
0.893302
0.76253
0.763911
0.847347
0.714861
0.744242
0.825351
0.694076
0.623526
0.700884
0.78546
0.718216
0.708941
0.719687
0.811745
0.632733
0.707172
0.796994
0.721894
0.806949
0.787677
0.704523
0.659268
0.758577
0.781568
0.86208
0.768018
0.929618
0.769696
0.753554
0.75707
0.820214
0.64783
0.709619
0.789108
0.972536
0.682774
0.908365
0.649073
0.69609
0.702894
0.77494
0.808869
0.643534
0.798335
0.703526
0.781508
0.861044
0.655749
0.752959
0.818155
0.739558
0.698533
0.790432
0.701659
0.728738
0.632608
0.828638
0.65849
0.612238
0.688583
0.72555
0.774807
0.831592
0.832608
0.818082
0.813681
0.903898
0.847433
0.832387
0.787487
0.934527
0.763013
0.693514
0.772841
0.81004
0.787959
0.867789
0.771655
0.767521
0.864256
0.796957
0.752608
0.703077
0.778061
0.681198
0.693333
0.860918
0.830323
0.603606
0.768244
0.731294
0.565533
0.8082
0.658638
0.854789
0.726354
0.728597
0.872453
0.752234
0.77901
0.869161
0.691372
0.680918
0.769287
0.694548
0.730011
0.768989
0.815659
0.817925
0.882591
0.83673
0.70454
0.871603
0.693779
0.828263
0.732576
0.696626
0.711684
0.579632
0.787608
0.845774
0.789318
0.83391
0.850042
0.66639
0.681874
0.821351
0.771048
0.564741
0.752593
0.716921
0.753862
0.856157
0.822532
0.612556
0.733733
0.564005
0.704733
0.789464
0.980752
0.790644
0.804986
0.616116
0.99599
0.760667
0.790831
0.903048
