4.22878
5.18064
4.76327
5.9
4.12738
5.60138
5.31183
5.27297
4.97549
6.38193
4.69546
4.92125
5.40794
3.74342
5.86806
6.49604
5.61351
4.08207
4.57711
5.86778
4.75655
4.99438
4.15218
4.75785
5.95531
4.90666
5.37773
5.26082
4.40155
5.44834
6.10838
5.29183
4.12162
4.2125
6.07304
5.78956
5.4793
5.55116
3.46673
4.06222
4.7777
5.75858
7.20174
5.26388
6.0242
4.8633
5.3547
5.28466
5.11133
5.76388
3.62246
6.26666
6.84416
6.23737
3.07619
3.78161
4.83653
4.99236
5.19292
5.00271
5.68775
5.06668
5.49273
5.0478
4.03247
7.30842
4.26923
7.04796
4.74629
4.52185
4.51302
3.06046
6.32349
4.45683
3.67078
5.91819
3.63287
3.98446
5.20022
6.31756
4.22138
6.23018
5.55962
5.65084
4.16766
3.26841
5.89695
4.57544
4.90698
5.32222
6.092
7.03507
6.88115
5.71149
8.14592
4.21801
5.68986
5.86005
7.11716
7.33869
5.64537
5.11905
4.07035
5.44381
4.06974
6.93933
4.48187
5.09035
5.92772
6.06038
6.8428
4.13772
4.12265
6.04884
2.62374
5.48763
5.31515
5.55371
6.18398
4.43369
2.87726
6.69707
4.79133
5.56044
4.97873
4.41075
4.23068
4.20987
6.44601
7.34869
5.15839
5.79692
5.25608
4.88817
5.37573
7.56257
5.80147
4.98244
6.51729
4.89168
3.89259
6.84619
5.23112
5.40521
6.25
3.02492
4.2039
4.30173
5.30048
4.81932
4.49966
6.87477
6.26995
6.03469
5.06375
4.68376
7.61014
3.21506
4.92249
2.89384
5.59817
4.97039
4.76663
1.57403
4.56839
6.29448
3.3635
4.46504
4.3412
4.64236
3.19814
3.35921
3.96261
4.54173
7.21495
6.49922
4.56823
5.61777
4.56663
5.65253
6.67384
6.10702
4.63917
6.42508
5.90929
4.53694
6.05153
5.09454
4.26477
3.26877
6.02607
4.91745
4.95554
3.83589
4.35853
3.9404
4.24583
5.00505
5.9046
3.39524
3.66213
3.32087
4.8181
4.63711
5.48713
6.02731
2.68704
4.07314
4.48237
4.39773
3.68561
2.95933
6.14805
4.86907
5.12281
3.20014
3.84944
5.24016
3.83338
6.91871
5.75149
4.2546
5.68341
6.02447
4.43589
4.57204
5.10805
4.49519
2.54677
6.7778
4.03722
4.55581
6.2283
3.59299
3.7485
3.08821
6.87358
5.406
3.3792
3.09918
4.19069
5.3407
4.44954
3.93592
4.05815
4.73749
4.25625
4.91662
4.46178
5.43799
6.78895
5.97572
3.4293
4.80541
5.01046
4.34539
3.9451
5.34026
5.0654
3.46579
6.06545
3.89189
3.67652
4.49682
3.72976
6.18101
5.99829
4.65167
4.02817
6.02399
4.50247
6.28235
2.62583
4.02167
4.17796
5.83697
5.38567
2.96785
3.56613
5.21357
5.96073
3.62597
7.92068
3.42786
6.50718
4.92301
4.66968
2.87941
4.99392
4.30441
4.1945
2.55305
6.06367
6.07879
5.06181
4.19283
3.42194
4.77309
3.64104
3.07565
6.13777
3.42875
5.46152
3.41432
