144
148
138
155
140
133
138
153
144
107
123
129
157
101
147
140
128
109
115
104
152
132
121
114
162
111
115
129
103
153
150
151
129
133
107
138
116
123
105
136
112
135
94
74
140
168
125
130
142
79
139
120
156
125
72
125
115
115
135
128
106
156
116
80
150
150
104
148
137
143
148
172
172
137
129
117
106
117
121
108
109
96
89
125
113
159
137
139
115
118
113
145
108
113
87
110
136
138
143
129
85
130
136
127
154
104
120
123
62
132
110
125
115
59
128
100
118
134
137
156
140
130
87
129
113
123
110
144
142
151
116
139
124
135
119
142
113
87
134
125
157
75
168
133
154
121
129
144
114
118
158
162
141
152
130
129
90
152
113
141
66
118
115
92
144
99
150
157
78
119
139
140
120
115
119
75
126
148
139
133
133
103
104
132
122
119
120
119
139
130
107
136
134
97
123
84
115
129
126
145
97
90
121
105
93
138
155
123
139
113
99
85
125
145
146
129
133
127
130
114
85
87
118
126
133
126
156
127
151
112
92
149
172
139
149
103
78
168
126
156
132
128
160
101
93
111
116
146
166
118
126
160
142
154
116
110
109
128
152
84
121
150
108
135
121
84
92
155
125
151
141
136
164
103
128
128
126
147
124
74
150
107
141
131
68
124
90
144
124
108
132
107
119
99
134
156
145
149
108
90
111
100
161
87
140
126
88
123
134
104
140
136
163
109
110
117
106
137
155
121
135
146
116
122
119
143
120
159
98
163
117
143
85
124
133
101
126
114
125
106
96
147
103
108
136
124
69
153
68
126
100
112
122
147
113
144
120
151
141
142
76
154
112
147
160
153
120
133
166
123
101
136
127
126
79
110
116
134
110
116
156
83
101
110
118
119
167
84
120
108
131
97
131
96
93
114
137
120
100
132
149
158
96
102
148
111
109
130
137
159
134
124
110
116
87
149
117
129
118
103
138
103
112
132
153
117
144
126
125
103
107
152
139
149
93
95
123
148
133
149
126
81
149
146
134
119
122
139
100
126
129
132
114
120
114
137
141
128
134
153
93
109
124
131
131
60
132
156
81
136
140
147
106
129
124
135
152
140
143
110
107
143
121
166
120
149
118
87
123
139
118
100
133
144
105
122
103
104
124
46
146
137
162
114
113
139
109
132
116
151
51
124
100
135
151
123
110
114
92
135
88
76
167
170
142
145
110
173
153
105
143
132
131
82
139
134
151
123
152
97
149
81
166
150
144
122
140
142
150
65
107
119
121
149
151
120
147
118
137
120
115
134
107
153
70
143
126
137
123
139
120
105
140
96
96
118
115
115
124
112
105
164
143
128
166
122
97
164
118
138
162
127
121
107
78
64
123
146
105
138
121
103
122
128
107
113
109
98
100
158
145
124
121
158
89
124
128
152
136
106
82
135
129
151
130
132
101
160
136
141
110
158
91
131
132
123
131
161
137
108
145
39
119
91
68
103
145
144
156
150
111
113
152
114
93
136
107
88
140
151
132
86
123
107
95
133
164
145
101
166
95
101
123
117
116
133
91
151
107
163
89
109
147
137
146
148
133
110
131
93
159
131
129
142
160
124
156
131
85
145
99
157
137
133
62
137
145
146
121
110
111
89
149
114
144
131
120
108
125
157
102
175
114
140
141
101
114
112
119
130
149
127
117
94
131
96
165
143
54
114
169
141
138
151
67
149
141
72
95
132
125
144
156
114
148
135
74
118
145
126
144
127
160
137
103
142
109
148
137
131
108
151
106
120
153
133
105
124
156
155
122
120
157
153
80
163
153
129
117
104
154
125
143
122
139
104
154
120
142
155
75
153
120
97
93
131
149
121
131
158
117
149
136
150
92
158
128
112
135
152
123
137
104
69
128
146
99
115
136
103
133
125
91
107
115
111
126
139
137
145
136
138
102
124
114
103
116
150
120
136
131
92
97
95
145
136
154
113
110
123
157
86
113
140
113
124
81
131
138
130
124
98
95
108
97
121
130
138
122
121
81
141
102
137
150
128
138
153
158
120
110
136
102
124
116
157
155
104
135
74
124
149
112
142
117
107
131
138
67
98
99
135
115
79
157
121
48
156
136
115
124
83
97
138
161
127
128
174
133
106
129
126
156
152
87
121
65
114
121
137
126
80
117
156
166
104
139
124
93
104
111
133
122
164
105
123
141
124
115
120
117
157
116
133
154
71
68
83
113
133
128
154
149
151
116
131
136
140
130
105
131
107
97
129
91
106
163
163
110
136
141
135
156
69
173
132
139
104
77
154
134
84
163
147
150
104
72
143
124
130
131
102
130
143
61
141
142
100
124
129
123
108
155
142
117
77
89
149
117
100
162
76
103
110
92
130
133
101
164
106
95
145
132
150
136
156
120
101
91
124
161
134
139
79
145
75
146
128
124
131
156
137
113
153
134
124
159
156
87
109
137
129
131
98
142
161
130
128
143
77
142
124
143
112
122
145
111
131
144
153
127
129
153
136
150
99
111
93
161
138
124
162
146
75
125
108
125
127
65
84
109
117
117
128
134
165
77
129
93
142
112
124
138
136
154
129
161
153
83
172
146
112
140
147
111
168
93
125
142
119
178
134
149
153
149
137
110
142
123
135
153
111
70
108
117
143
113
124
115
131
133
146
152
122
149
110
135
74
106
144
94
125
100
163
165
148
134
89
141
86
115
110
96
150
134
146
132
139
79
122
131
147
98
139
121
150
165
139
149
108
140
169
91
119
154
131
132
135
107
144
143
153
114
98
143
126
84
109
116
144
119
112
151
131
122
98
150
119
138
162
135
115
113
131
119
132
108
142
148
130
156
156
160
143
138
62
138
54
127
129
129
142
138
115
126
131
127
83
141
133
154
151
132
136
152
134
121
136
124
124
149
133
163
124
121
144
128
103
130
136
118
127
141
166
117
122
143
155
128
135
90
149
69
143
113
104
107
54
132
145
116
91
111
145
149
102
160
157
141
124
133
74
136
127
96
125
70
140
113
143
119
133
108
108
122
143
143
126
125
144
78
135
155
143
114
130
122
125
123
116
138
146
114
106
98
123
144
109
109
167
89
105
154
157
104
86
124
130
79
118
138
98
116
111
129
149
77
149
141
136
137
126
96
141
118
107
114
109
130
127
76
122
126
116
111
85
151
98
75
167
145
133
130
131
126
130
120
85
67
127
140
139
125
147
146
142
147
156
129
174
114
104
103
94
105
102
122
144
139
123
102
125
110
129
123
131
157
90
114
100
120
116
101
112
122
71
125
103
145
111
109
138
110
151
130
146
126
112
86
144
90
117
112
151
111
112
125
63
99
120
151
124
157
147
146
139
129
113
157
127
157
106
104
131
108
104
129
150
117
134
113
126
128
111
120
95
106
173
131
148
137
117
143
116
174
98
108
101
115
132
132
144
151
128
110
98
148
109
154
126
147
121
69
114
155
118
126
103
159
158
133
83
146
106
118
125
125
110
125
151
150
85
103
159
136
160
89
110
105
127
137
109
153
121
102
120
84
97
60
137
147
136
146
141
112
159
151
104
128
151
149
144
160
143
127
126
132
153
90
141
137
139
141
74
166
141
172
101
133
116
153
96
141
140
117
146
143
135
129
144
114
121
150
109
154
75
131
128
108
131
137
117
147
138
114
58
102
128
145
124
128
136
119
144
155
171
85
84
104
126
149
134
113
132
119
105
153
115
107
110
143
121
126
71
150
148
138
88
139
99
110
131
145
111
116
126
143
86
131
112
110
150
105
150
110
123
109
83
89
124
166
115
96
139
151
121
116
129
134
62
143
133
143
178
148
135
117
90
108
133
159
92
118
135
151
120
70
142
133
131
108
119
124
140
114
163
155
106
173
104
113
139
98
109
144
154
137
127
137
119
113
131
95
126
127
135
106
99
126
115
140
154
126
110
163
153
121
153
122
136
167
111
135
98
131
114
107
118
161
173
97
153
114
168
164
137
141
107
147
135
153
77
155
147
141
121
125
119
119
101
142
119
74
118
110
131
126
90
141
68
164
118
145
141
113
134
73
134
163
140
89
139
133
166
98
120
112
64
163
136
129
126
153
132
133
127
130
116
162
124
156
124
103
130
83
171
139
97
136
149
84
160
97
119
124
137
146
144
97
126
151
133
128
147
161
95
138
118
130
103
148
144
63
102
137
159
111
159
123
145
146
128
138
112
166
112
138
95
137
143
150
109
97
123
99
143
102
120
125
93
136
147
93
156
84
124
123
130
136
98
82
106
88
140
82
127
104
134
131
116
149
151
140
109
108
132
111
141
157
88
107
139
98
125
136
152
123
167
111
127
151
108
156
147
136
94
147
104
121
109
134
119
136
110
133
92
150
138
144
109
140
110
92
147
130
142
139
133
80
114
135
120
153
150
136
126
147
140
137
106
107
116
147
140
145
118
118
147
144
112
63
146
110
77
129
112
143
111
61
125
148
98
174
152
127
140
75
123
141
138
152
142
89
138
148
176
141
151
124
125
121
149
109
122
151
121
91
140
83
140
91
164
117
91
127
127
130
106
106
145
119
150
113
150
151
98
153
59
112
143
130
118
111
134
144
116
122
68
102
147
91
71
104
118
115
87
125
136
134
98
120
85
127
38
108
88
102
134
123
108
134
146
122
125
131
131
112
117
161
97
141
146
130
164
122
132
123
140
152
130
104
147
137
127
142
107
119
146
146
140
120
96
143
139
52
100
130
134
139
131
148
109
138
106
140
121
115
155
132
121
