5.21376
5.88397
3.23495
4.57825
4.46107
3.85889
4.17994
3.05224
1.71289
1.22065
4.00551
2.08422
3.31936
1.33077
3.36079
6.58948
5.08501
4.20209
3.10261
3.49049
1.88347
3.80732
3.79763
3.07417
3.27074
1.84885
3.16915
2.91154
1.9423
2.72567
2.87264
1.27354
3.92705
3.28769
1.81301
3.92083
4.79179
5.22152
4.38701
2.18086
3.24328
2.28453
1.40906
1.66514
3.55018
2.60037
5.20338
2.65243
3.48057
6.01771
4.09622
4.43708
3.89416
1.49532
3.73107
5.64013
4.75694
2.71669
2.64609
3.82833
2.74925
3.80731
3.16537
2.33596
4.73635
3.89235
1.75842
2.24616
3.40416
4.09869
4.44177
2.6588
3.5597
3.4877
3.17009
3.50663
1.92443
2.66564
2.15375
4.3525
3.98711
4.29636
1.99235
3.56224
4.13868
2.58986
4.13872
2.2486
2.21168
1.903
3.8804
3.37379
2.06445
2.9826
3.61013
4.08355
2.57684
2.05742
4.10399
2.18381
2.42181
2.91429
1.18217
5.20268
3.15798
4.50894
4.20795
3.63156
3.50966
2.88163
1.37063
4.15653
2.01838
2.45079
2.58893
2.2074
1.68645
2.96119
2.5027
3.12976
3.46887
5.27698
3.73443
3.92296
2.56647
1.88553
3.48737
1.23683
3.12299
4.28176
3.89105
3.02269
0.790362
0.628522
3.74939
3.98255
2.78291
2.87916
2.16042
2.29757
2.24423
3.83259
4.48265
2.50432
6.17602
1.12877
4.55766
4.16234
1.99079
1.47508
3.54404
4.29211
6.14838
1.72836
3.6339
3.01865
2.20716
2.86148
3.08407
4.19689
2.25482
4.76588
2.5431
3.13711
3.17325
5.25866
1.74608
2.50684
3.80333
1.69586
4.94976
3.89463
3.7581
3.59087
5.15968
2.25465
2.17212
4.22449
6.15036
2.24195
4.39505
1.70004
2.9949
3.7381
5.11301
3.24324
0.978225
2.61568
4.62582
3.77696
4.56528
1.82093
4.45576
2.97933
3.13847
3.95826
2.50548
2.89256
3.51458
3.28349
2.35069
2.77592
6.68942
4.16234
2.80877
4.60036
4.34836
1.83791
3.25098
2.82646
3.92384
1.64226
1.60761
1.51188
2.87279
5.37817
8.15017
3.42088
4.74802
5.55537
4.68254
3.32367
5.31598
6.13138
3.52282
2.23214
4.41139
3.9404
1.92116
2.38732
0.642865
5.52497
4.17332
4.7733
3.76065
4.36945
5.1053
3.17012
5.76646
2.4419
3.23574
4.41444
2.79243
5.05419
7.05625
5.02952
3.07501
5.32004
5.06101
4.56834
4.266
4.97812
5.27633
3.52211
2.5092
3.57337
4.75415
2.85751
4.69713
3.27617
4.24397
4.20724
1.3918
3.77437
4.95294
3.18171
2.78795
2.05502
4.96559
3.46622
2.09233
3.37202
1.80551
1.01235
1.77904
3.18606
2.09016
3.23545
1.32591
4.04
5.06406
2.94339
4.61145
1.01211
2.02089
3.0142
2.37424
3.76649
4.17464
3.69379
2.278
2.54729
4.96961
1.66128
5.08357
3.70946
2.74377
3.47268
3.06365
4.6064
1.87765
5.1048
2.60661
1.08863
5.51953
2.27221
3.72874
4.45792
4.60339
1.41353
4.08381
3.61161
1.49178
3.68863
5.51758
4.36202
2.61461
3.13531
5.02379
3.17138
0.806041
2.99635
4.39629
5.20698
4.1622
6.13291
4.66851
5.78713
4.72678
1.37195
2.55418
0.758445
3.11517
5.40807
1.06971
2.33694
4.03274
4.69596
3.89154
5.81301
2.98213
3.44964
2.9608
4.73706
3.12451
2.47308
5.82822
2.64384
2.46981
2.48198
3.37135
4.77772
4.89116
4.42728
2.49833
2.24318
4.01154
3.24495
1.89241
3.44519
1.60245
3.72431
4.37733
5.33684
4.25956
1.36444
1.46764
1.59387
3.24665
2.9711
3.37978
5.24253
5.94572
6.1963
2.73235
2.95413
4.75182
1.28987
1.85996
3.26337
3.11307
1.05642
3.98933
1.96284
4.8989
2.18539
4.65974
5.03027
6.35573
2.86833
4.09038
2.90571
3.59396
3.63081
2.36811
5.38456
3.06646
5.77445
5.50664
3.64541
3.48219
3.69042
2.75407
4.57688
3.59863
5.21389
1.29746
1.72181
2.8115
4.11194
4.27043
3.82113
1.7875
1.87553
4.56696
2.57868
2.28696
3.46015
3.50917
5.24406
2.23323
2.28143
4.73218
4.86066
4.63054
6.32053
3.63676
5.77482
2.87476
5.30496
5.45263
2.85884
3.97644
4.80189
4.35612
2.89732
3.67226
4.43197
1.99838
5.19248
3.95594
2.8588
2.2834
3.06183
1.37989
3.06944
4.67484
3.98253
5.98239
2.3961
3.70594
4.42347
2.83066
4.23918
3.30523
4.45675
1.55951
4.87652
4.92606
6.1019
2.14182
2.62955
5.86291
5.46725
4.71858
5.6736
3.0602
4.62688
3.96438
5.10162
5.03872
3.3759
4.12125
2.6613
4.87438
4.3087
2.19054
3.86418
1.97849
5.14701
2.08213
1.72753
2.59121
4.59161
1.79333
2.71229
5.34971
1.67022
4.08088
2.03098
2.25173
4.72592
5.27405
1.65804
4.02397
2.1452
2.99308
1.98603
5.64557
1.78352
1.70893
4.28632
4.92045
1.29443
2.27753
3.60504
3.20934
4.9272
4.30488
2.55742
2.24108
3.32866
1.86373
3.62212
3.04542
4.06851
1.73087
3.5137
3.11048
5.90306
3.5461
3.75384
3.14927
5.31272
0.717868
2.96791
4.95069
2.5036
3.95158
4.68693
2.85571
1.85312
2.83011
3.30489
6.59125
6.88653
3.31877
6.2337
2.99665
5.35468
3.11627
4.01145
4.87008
3.61307
3.30592
2.29504
4.07398
1.78368
5.61656
5.74337
4.66199
6.07787
4.52551
2.9987
2.43881
1.95472
4.16929
2.44145
1.49585
2.15867
2.76155
4.63396
1.52042
1.67073
0.712787
5.47755
2.67842
5.50956
3.51415
4.35143
2.50353
3.64849
5.4589
2.58984
3.87437
3.35298
2.16049
4.48932
2.77839
2.78907
4.18022
3.01345
3.67098
5.22869
4.16316
3.17757
1.34095
1.17734
1.77225
3.7507
1.83121
1.56433
2.31732
4.98463
4.52613
3.7585
2.17431
2.02759
3.86694
2.60214
3.16422
2.95321
2.12251
1.07007
4.16907
3.75143
2.6629
1.96321
3.6479
2.4522
3.47266
2.06729
3.43927
4.44227
2.14861
2.28866
2.07791
1.15494
2.90419
3.85307
4.21817
2.55657
3.59463
3.695
2.17764
2.06517
2.62588
2.89218
3.52288
3.82286
1.70313
2.60104
2.83059
2.6617
2.34683
3.8714
2.80648
2.96096
1.2656
2.67469
1.66339
0.841805
3.71309
1.11176
3.37361
3.1122
2.96481
3.27416
2.30053
4.99302
3.57749
3.25153
1.85488
2.1148
3.5155
3.94278
3.01635
3.75898
1.70804
4.18864
2.71914
2.6412
3.58489
2.97787
2.9771
3.60485
3.28586
2.49093
2.52685
1.98409
1.57636
2.57904
1.3621
1.73148
3.61444
4.25085
3.96204
3.71242
3.73423
2.37421
2.77664
1.34781
4.86235
2.6096
2.64359
3.22323
2.63959
4.72026
2.35789
3.22136
2.70755
3.64267
4.71693
1.56139
2.99743
3.90943
3.649
3.44057
1.0593
3.36044
2.43766
2.95507
1.90583
0.611618
2.51341
2.19949
3.80656
2.18602
4.62641
2.02622
0.185908
2.22778
3.05288
2.75828
3.02401
3.63454
2.8773
3.11642
3.03433
3.98753
2.70814
2.08433
1.08614
3.37779
3.49057
2.55674
2.09178
2.18205
1.72374
4.29249
4.13853
2.45494
2.88825
2.87508
4.53959
4.2539
4.27334
2.99921
2.60905
2.89466
2.97979
2.71398
2.73998
1.56366
3.33637
1.96707
2.60121
3.44004
3.67182
5.32546
2.33841
2.92148
3.43758
3.1454
3.02582
3.74113
2.46549
2.84903
3.04285
3.84356
4.39192
2.59251
2.88241
3.97754
2.02288
3.78652
2.23648
3.11117
2.4196
1.59749
2.61925
3.87641
3.3465
2.07056
0.273966
3.07703
4.86463
1.1524
4.3686
1.21994
4.88403
4.17654
3.96858
4.10292
3.88336
2.59989
1.59537
3.85567
1.69166
2.35827
3.90091
3.22311
3.53246
4.83555
0.259517
3.06335
2.08661
2.63537
2.13671
2.85903
1.59173
1.62069
2.38752
3.24491
3.77957
2.67169
4.53237
3.98723
1.74406
2.51416
4.06616
4.59888
2.85701
4.63589
1.94572
2.58766
4.00125
4.64714
3.53188
2.49734
2.51153
4.49132
2.24046
2.13195
4.0585
5.14447
3.56199
5.46768
1.76418
3.06299
5.30178
2.98458
3.00661
2.73889
3.05589
2.13188
2.75274
2.81664
2.97666
2.49475
3.86151
5.05079
3.63214
3.68552
2.60954
1.83065
4.33102
2.57884
2.17343
2.86261
4.69538
1.25779
2.33012
0.00633614
4.1831
3.83214
4.32721
3.88339
3.04923
2.69378
4.38015
1.25145
1.04887
2.18341
4.17775
3.69253
5.47911
1.0133
3.05122
1.97986
1.95585
4.48655
3.00094
2.44135
3.30768
1.64546
1.94511
2.28382
3.3027
4.39917
2.704
5.03984
3.28115
3.02115
3.52748
4.91381
2.64414
3.98246
3.48721
2.35862
1.33994
2.60332
2.69884
1.20085
1.39103
1.60553
3.80587
2.65104
2.18741
1.28072
5.09879
5.28398
3.7832
3.32006
3.3973
4.89617
3.07117
3.04882
3.52368
1.93538
4.18758
1.047
2.15966
1.77632
3.06982
4.87283
2.45886
4.17106
2.66602
0.676668
2.97337
3.49741
3.9766
2.00545
1.85474
3.78126
4.11671
4.05616
2.81471
3.52661
3.33089
0.655028
3.97795
4.06318
4.33519
5.41243
2.8969
2.93834
2.99369
4.12794
3.78922
4.47481
5.60014
3.38904
2.60984
3.87191
2.61547
1.31361
2.07983
1.39998
3.63456
2.68227
3.02212
3.16186
1.53649
3.54928
4.84334
3.05048
3.22497
5.51665
3.82222
5.03265
3.46011
3.12418
4.32221
1.41751
4.0658
3.9166
2.63073
3.9634
1.51971
1.60731
2.49925
0.248792
3.98539
3.4832
2.24437
3.92433
4.46566
1.59352
4.14274
1.95092
1.68528
2.55232
3.36019
3.00961
2.20052
1.75893
1.03178
3.70202
2.05271
2.63215
4.77489
1.87804
1.44419
1.54598
3.77335
2.34873
4.46379
7.10958
2.63624
2.55672
3.29942
3.85222
2.69474
2.63269
2.7179
1.76974
2.41564
2.3539
2.42299
3.21336
3.33964
3.78852
2.638
4.31407
2.17837
3.06338
2.37323
0.500708
4.11703
5.00469
3.79499
4.67979
1.49585
2.22868
4.00668
5.83022
1.60602
4.57857
2.06409
0.727799
2.88757
3.19105
3.43621
2.81068
3.70346
2.3571
4.12433
5.04397
4.77386
1.28984
4.38837
5.37771
2.64626
1.36121
2.53916
2.92526
2.7674
1.87456
3.28223
3.45899
3.37341
1.57075
1.47406
3.09377
3.6182
2.30198
2.78259
4.30488
4.27053
4.01533
2.73985
4.20308
1.26904
3.44057
1.73894
3.97046
3.39364
3.25709
3.42732
2.39935
3.25183
5.39635
3.36647
2.58846
3.96897
4.64079
3.08112
3.9774
2.60679
2.61394
1.45909
3.11647
0.0945864
3.12708
4.99066
2.45948
2.69036
3.6094
2.29644
2.4331
3.20295
2.84156
3.65791
5.17879
2.28749
3.72417
3.24411
4.11986
5.44212
2.70127
2.38025
1.77183
2.68912
1.49416
4.49278
5.99831
4.12129
2.45827
3.65059
3.6158
2.82685
2.34014
4.8549
3.07463
1.36402
3.5528
3.55395
2.51411
5.89516
3.79118
2.02019
2.47021
3.32074
6.77676
4.67694
4.40876
5.0065
5.3148
6.53784
2.16712
4.43981
2.40214
3.69543
4.23453
4.60547
2.41683
4.65945
5.07305
3.76317
3.48139
2.74398
4.92698
5.07886
5.45669
3.16858
4.07898
3.91648
1.08103
2.83377
2.31252
4.14468
2.1145
3.58627
3.30183
3.52956
3.779
3.82866
4.79244
2.97791
3.21488
3.64881
2.61182
3.24425
2.79372
3.41056
2.2272
2.51493
2.35723
5.31903
2.09913
2.70969
3.17633
3.23144
4.01922
2.1618
3.51887
2.67871
2.84259
4.28852
3.20804
3.70419
3.30525
3.12838
2.79514
3.94578
4.34477
3.27564
3.11946
3.25184
3.23895
5.13308
3.07166
3.69021
4.02754
3.67045
1.29653
3.04906
5.39573
2.93367
5.17673
1.45765
3.84002
3.89599
0.57423
3.51532
1.46513
3.94618
3.33689
1.5932
4.72079
3.11391
2.92349
3.57523
4.96405
3.35509
1.72836
3.32323
2.61032
2.37404
4.77924
3.14678
0.580666
2.26531
3.20583
5.83407
2.70771
2.5755
4.07979
2.76657
5.49129
4.00489
4.77691
1.941
1.61758
3.3334
2.01018
2.74857
3.85132
4.37338
2.90122
4.87889
3.78441
2.74056
1.47109
4.70027
4.60345
0.83425
2.31578
4.57918
5.18474
4.97675
2.48134
2.52978
4.78775
1.94891
2.55762
2.98797
3.89789
3.17407
3.87321
4.84024
3.66151
3.30781
1.77228
2.33849
6.73824
4.55952
2.42221
2.88072
2.96799
3.2582
5.14476
3.45935
2.21098
3.87045
4.1284
5.34443
2.72487
5.32763
4.03974
3.08571
4.88406
2.6688
2.82112
3.19028
3.48502
4.78018
2.12225
3.96065
4.97945
4.27997
2.51736
3.99276
4.58239
3.30458
3.51646
3.00142
3.84192
1.4152
4.69743
5.22956
4.69401
3.40956
4.3945
1.5544
1.8543
2.43254
1.17657
2.64021
2.92775
2.78902
1.90587
4.00476
4.18932
4.2148
1.34659
5.8657
1.22719
3.66181
3.02169
2.28736
4.04099
3.46169
3.36015
4.57067
2.30061
3.45387
2.64709
3.60503
4.62898
2.86322
4.18981
5.78247
3.77036
4.16885
3.24249
2.48152
3.93076
4.10385
2.35239
1.83944
4.60005
4.44089
1.73092
2.52479
4.06683
5.44691
3.60057
4.6047
5.73562
5.19008
4.48282
3.3305
3.23012
5.39086
4.05449
6.18918
5.40435
3.83877
3.48525
5.21083
7.45998
3.31103
4.21635
2.55132
3.05543
4.83493
2.73669
1.55181
3.38574
1.4832
4.71437
2.21238
3.50612
4.57542
2.49538
3.90546
4.24808
4.59356
2.90331
5.44608
1.93202
4.1071
2.16992
4.01478
1.52397
4.01775
3.56678
3.29085
5.34439
3.68141
2.84974
3.63785
4.98262
5.91642
5.01109
3.52458
4.08788
3.8372
2.40646
4.46812
3.3416
3.50223
4.92332
5.01846
5.23842
5.61888
4.56053
3.5204
2.99538
3.55419
0.885365
2.68881
5.34139
0.297813
3.38517
3.88778
2.12361
0.921651
2.24455
2.6509
0.79072
3.36003
3.00825
5.74654
3.2028
2.34314
5.56812
5.45392
4.98307
3.59216
5.73415
2.50759
2.47261
3.19179
1.53601
4.20471
3.83644
2.46707
2.51807
4.89453
0.85926
4.13554
4.5832
4.60679
2.28628
2.17582
4.28979
2.80285
1.91939
4.84811
2.6258
3.4329
1.7868
2.9725
4.98538
2.14942
4.52432
4.24575
3.01934
2.43495
0.470588
3.39096
4.3936
5.85515
2.17449
4.68688
2.86069
5.4655
3.9577
4.48615
0.513821
3.62393
4.05619
4.51237
3.51023
3.7202
2.00395
2.01481
2.11107
4.89702
5.70185
3.06749
3.61909
3.8753
1.69439
5.31274
1.89604
2.53918
1.41202
2.82471
4.52408
3.59909
4.18162
4.46268
3.20993
5.98106
4.25974
4.82854
1.46389
2.67604
0.791679
5.46888
2.79958
3.11299
3.08887
1.66573
3.60026
2.61114
4.69699
4.83526
3.80029
2.3601
4.90079
5.52448
4.08979
1.77749
5.39039
4.70396
3.58115
5.2469
3.68103
3.1986
3.31042
4.17075
3.81011
3.13789
1.23978
5.15049
4.77456
4.75897
2.26679
3.56908
1.90951
2.38501
3.73048
4.17174
2.14677
4.67801
3.8697
5.24547
5.96865
3.38025
3.87522
2.56603
7.80589
3.77473
1.07176
5.05631
5.41824
3.72268
2.44755
4.41983
2.48117
1.86208
1.76003
2.44749
3.0359
5.21671
3.06226
3.55179
3.74685
3.36343
3.42707
4.69876
3.52223
3.17038
4.27308
2.03917
1.92826
2.97911
2.68558
3.78808
3.66018
2.20087
2.57386
3.96406
1.64357
4.66712
6.2317
3.31944
3.69937
2.8851
2.30595
4.45289
3.32421
4.4801
1.35597
3.84148
2.40006
1.70613
3.24809
4.81697
5.24741
4.43777
5.85761
3.43571
4.53021
2.02124
2.18306
3.74516
4.85591
5.26363
4.33567
2.59464
2.96903
2.44192
3.51543
3.93822
6.55226
7.79427
1.59298
1.03032
4.80725
0.479052
3.66768
4.83697
3.2852
3.56869
2.24699
2.10268
4.75565
4.33096
6.08604
1.88857
2.63474
2.85989
4.30437
4.70915
2.36583
2.52243
2.49393
2.27614
5.13873
1.54421
2.69464
2.03253
2.11847
1.57423
5.46197
2.35924
2.68402
4.93766
2.17265
2.42096
5.87801
3.77251
2.4552
3.67366
4.24369
1.77228
0.228893
3.0472
4.27413
1.04811
5.34732
3.96935
5.02408
3.52332
1.0422
3.1593
1.98981
3.33782
2.52568
3.41029
3.66592
2.96009
4.98216
2.37103
5.58537
4.24715
4.12857
6.20504
3.25804
2.9852
1.71489
2.98106
3.50969
3.07213
3.40066
3.87218
2.52326
2.73323
5.20986
4.81479
4.41641
0.92899
6.11401
3.34561
1.78191
2.17008
3.50266
3.74449
3.85605
2.43605
4.26912
1.03991
3.00181
4.8899
2.86745
3.28996
3.91264
4.40672
2.73065
1.57068
2.9472
2.12602
1.56506
2.37325
4.01464
3.85342
2.97625
2.11345
2.46716
4.49682
3.12551
2.70725
2.35685
1.97871
2.86225
1.55926
4.88778
2.56589
4.29913
2.84824
1.88603
3.17494
2.37663
3.35765
3.9112
2.53183
4.07306
2.12312
2.11099
2.50225
2.47824
1.63545
1.96333
2.84197
2.9168
3.29808
3.40718
3.04764
3.29489
2.82092
1.60797
3.13632
2.97827
2.20759
2.71043
2.24995
5.05576
1.30113
3.05159
3.28041
1.38437
3.22479
3.5232
3.52589
2.0091
2.80916
2.91111
1.67902
2.68176
5.38491
2.55306
2.29621
3.66631
2.02209
1.59211
3.35839
1.49628
2.68197
2.46532
3.33115
1.63041
1.49984
2.7961
1.61255
3.20587
2.54817
3.24732
1.40848
3.23563
1.80909
2.60322
3.47523
1.78426
3.74045
1.88935
2.65022
1.89046
2.37809
3.42377
3.24833
4.10572
3.35167
5.93617
3.27137
5.05942
4.07772
2.00739
3.05695
2.33015
1.96508
2.55538
1.95092
2.22185
2.90464
5.53839
4.07757
4.81967
1.62926
2.78131
1.50207
3.5592
3.02771
2.40108
3.7565
3.5943
3.65446
4.27737
3.70455
4.5016
3.64822
2.57431
2.94721
3.76945
2.31847
2.07248
2.45096
3.81537
4.45
1.8506
3.10761
2.58793
2.0322
4.21198
1.95118
3.62764
0.38578
3.25463
4.05709
2.38377
2.21857
1.6405
2.99692
2.28978
5.27803
2.9563
3.42248
2.80351
4.07562
4.90274
3.96536
1.25786
2.1807
1.10858
0.475808
4.00365
2.3408
1.35457
3.81554
0.919732
1.96829
2.96866
2.37388
3.3979
1.1861
3.4594
0.958243
2.85113
4.34403
2.76018
3.51353
4.25096
4.76713
4.16754
2.09067
3.2299
3.7179
1.16875
2.99204
4.76242
3.59953
0.965866
2.53129
2.75551
2.52419
3.96656
1.25165
5.38468
2.26068
5.58173
4.42286
2.96316
4.4794
1.92667
0.0573603
2.48928
6.82147
5.60453
3.22125
3.37454
0.89682
3.46978
2.12993
2.95918
4.20207
2.28604
4.53214
3.40573
1.94459
2.35406
4.38642
1.50211
1.47211
3.77085
2.95494
4.02522
2.00673
3.01219
0.998337
2.22733
3.4922
5.30804
2.75959
3.81334
3.78561
3.14299
2.96297
4.00205
3.28039
1.67481
4.03961
2.01834
2.93077
1.38197
2.42433
3.36183
1.13927
3.5258
3.40467
2.16087
3.64786
3.13245
2.48081
4.20862
4.88329
4.51192
2.92749
3.36753
4.00765
3.74422
2.38015
5.27105
3.84098
2.50341
3.7853
2.29807
3.29605
3.82523
4.27628
3.41064
2.92091
1.89357
2.76188
1.10562
3.15332
3.17295
3.4788
2.55106
5.02624
4.5798
2.84054
0.321765
4.34309
1.27422
4.15262
4.12814
4.27145
3.27428
2.74221
5.34048
2.62117
4.26124
3.07916
1.856
4.64535
3.24554
2.27874
3.15121
3.49942
2.39709
3.95067
3.8548
4.66756
2.28586
4.8619
5.43305
4.11467
3.94819
2.80151
2.21502
2.07162
2.38506
2.20329
1.25492
1.74618
2.0004
2.74949
0.770065
3.1877
3.70651
3.15584
2.39221
2.73541
1.87093
3.09202
3.21106
1.41547
2.73577
3.13626
3.78016
3.21594
4.8057
4.7448
1.81047
2.28811
5.21449
3.01538
3.31131
6.06475
2.56154
4.45538
1.89747
3.50732
3.81268
1.39798
2.96555
2.60526
1.58268
4.48787
4.24539
3.24659
3.4443
3.84888
3.03071
1.94719
2.34883
1.52424
2.04329
3.25008
1.58184
4.1361
2.31425
3.87844
4.05024
3.96535
6.28738
3.01806
2.32155
3.14926
2.01965
1.72392
4.79327
4.52186
2.26081
2.9509
6.49335
3.34556
3.59206
3.26132
1.69381
2.52421
5.06207
3.85651
6.20438
3.93202
2.32028
0.243098
2.54779
2.94436
5.7472
0.0580763
3.36264
2.92137
1.34793
