339
359
365
359
316
375
366
409
305
327
361
349
353
337
365
391
382
378
415
359
326
360
406
303
412
363
381
427
372
409
357
350
343
405
380
362
347
344
312
349
410
329
383
372
338
324
332
349
416
329
331
343
387
327
327
341
393
326
371
378
315
321
397
340
361
298
356
348
383
337
398
358
362
382
374
336
318
355
357
369
369
391
358
336
367
364
356
370
355
366
315
321
375
379
342
345
356
315
367
331
354
356
405
360
380
344
381
381
387
304
376
372
370
358
376
403
372
389
367
376
399
381
390
370
414
386
322
372
375
384
371
350
310
367
355
313
358
393
396
324
349
419
397
356
358
378
394
352
392
398
355
348
331
332
345
440
381
338
389
379
358
361
389
396
354
396
382
373
378
338
399
391
408
370
365
367
400
368
411
382
349
351
324
380
374
352
327
329
382
362
370
417
340
393
386
357
338
372
405
377
421
399
338
361
373
369
394
373
391
361
400
427
344
317
362
341
375
370
384
362
391
277
382
391
355
345
344
358
385
362
396
347
429
383
370
387
387
370
391
359
402
329
405
367
367
389
391
353
335
300
403
372
431
378
389
432
374
378
373
399
402
352
371
367
408
427
334
385
361
347
370
416
386
404
347
358
260
332
371
354
353
362
309
362
379
402
325
413
364
372
423
357
376
376
329
393
342
418
386
346
342
379
401
377
