0.480385
0.401797
0.443295
0.388291
0.472655
0.3653
0.382779
0.410303
0.38272
0.301344
0.448965
0.455693
0.364519
0.577428
0.364065
0.294875
0.394519
0.514597
0.441985
0.397992
0.472641
0.426147
0.499888
0.41799
0.345192
0.446465
0.394997
0.382586
0.440475
0.401252
0.340135
0.406256
0.516979
0.46662
0.376221
0.362721
0.356807
0.374908
0.555494
0.483351
0.440235
0.341914
0.273194
0.370882
0.356176
0.405551
0.357588
0.397943
0.41986
0.346136
0.502526
0.283607
0.31859
0.323785
0.621186
0.533807
0.426931
0.415972
0.430594
0.434922
0.393651
0.40926
0.367886
0.385407
0.506618
0.274903
0.496734
0.319075
0.435324
0.509765
0.433595
0.592982
0.348821
0.455559
0.541948
0.347762
0.474701
0.476984
0.387708
0.335653
0.450895
0.326606
0.349395
0.334181
0.523164
0.620393
0.351989
0.456813
0.421513
0.356629
0.349081
0.272609
0.2713
0.404461
0.173211
0.477645
0.338837
0.345166
0.259257
0.23283
0.365981
0.431209
0.439716
0.418326
0.478068
0.279614
0.441072
0.396429
0.340094
0.359329
0.26703
0.485045
0.456878
0.326512
0.626996
0.402757
0.389155
0.360394
0.342991
0.395948
0.550423
0.304957
0.421551
0.354798
0.390056
0.434696
0.502112
0.529109
0.327923
0.239531
0.42319
0.423031
0.389941
0.44137
0.288991
0.254738
0.373525
0.38451
0.31902
0.371472
0.513166
0.272154
0.371333
0.397895
0.353722
0.585155
0.462588
0.484237
0.352455
0.432999
0.418185
0.270465
0.360721
0.337293
0.418167
0.403406
0.264576
0.580635
0.424281
0.575159
0.349749
0.367187
0.455422
0.783269
0.395661
0.334724
0.541364
0.455725
0.475497
0.411147
0.610336
0.502899
0.509094
0.450403
0.3312
0.35841
0.47991
0.369881
0.480422
0.356322
0.270444
0.284041
0.472392
0.281985
0.39166
0.421363
0.291824
0.392189
0.414812
0.563216
0.301168
0.414572
0.380039
0.481983
0.474809
0.460556
0.464357
0.43394
0.341873
0.581566
0.512789
0.541513
0.376573
0.413064
0.355438
0.374921
0.6358
0.503135
0.464906
0.478588
0.506478
0.633342
0.289464
0.404554
0.390887
0.585414
0.519204
0.399493
0.517233
0.2801
0.365772
0.440236
0.345391
0.329218
0.474402
0.396574
0.386079
0.388849
0.645146
0.321146
0.492352
0.39416
0.371486
0.497433
0.488128
0.605355
0.280411
0.402803
0.571499
0.560513
0.481895
0.380613
0.400835
0.452219
0.499371
0.412897
0.49686
0.408501
0.466778
0.383398
0.322949
0.347849
0.558279
0.415055
0.425245
0.481769
0.401876
0.378265
0.33865
0.498442
0.368009
0.498241
0.531824
0.481807
0.527306
0.364907
0.378728
0.442129
0.522338
0.350619
0.438248
0.3295
0.538358
0.46559
0.46753
0.351629
0.396087
0.559543
0.531716
0.390529
0.349856
0.46084
0.24477
0.582371
0.340036
0.423162
0.430202
0.62752
0.388659
0.468006
0.443821
0.662852
0.312596
0.321875
0.474998
0.498654
0.504847
0.448158
0.525851
0.57979
0.312587
0.55267
0.387687
0.535553
